1 4 7 0 2 8 3 5 6 
0 4 7 1 2 8 3 5 6 
1 4 7 3 2 8 0 5 6 
1 4 7 2 0 8 3 5 6 
4 0 7 1 2 8 3 5 6 
1 4 7 3 2 8 5 0 6 
1 0 7 2 4 8 3 5 6 
1 4 7 2 5 8 3 0 6 
1 4 7 2 8 0 3 5 6 
4 2 7 1 0 8 3 5 6 
4 7 0 1 2 8 3 5 6 
1 4 7 3 0 8 5 2 6 
1 4 7 3 2 8 5 6 0 
0 1 7 2 4 8 3 5 6 
1 7 0 2 4 8 3 5 6 
1 4 7 2 5 8 0 3 6 
1 4 7 2 5 8 3 6 0 
1 4 0 2 8 7 3 5 6 
1 4 7 2 8 6 3 5 0 
4 2 7 1 5 8 3 0 6 
4 2 7 0 1 8 3 5 6 
4 2 7 1 8 0 3 5 6 
4 7 8 1 2 0 3 5 6 
1 0 7 3 4 8 5 2 6 
1 4 7 0 3 8 5 2 6 
1 4 7 3 8 0 5 2 6 
1 4 7 3 2 0 5 6 8 
2 1 7 0 4 8 3 5 6 
1 7 8 2 4 0 3 5 6 
1 4 7 0 5 8 2 3 6 
